moder
20 21 /
reconr
21 22 /
'Pb204 from J4 Tape Pb204' /
8225 2 0 /
0.001  0.0 /
'Pb204 from J4 Tape Pb204' /
'processed with njoy up393' /
0 /
broadr
21 22 23/
8225 1 0 0 0. /
0.001 2.0e+6 0.003/ errthn thnmax errmax
293.6
0/
thermr / Add thermal scattering data
0 23 61
0 8225 12 1 1 0 1 221 1/
293.6
0.001 4.0
groupr / Prepare multigroup data for neutrons
21 61 0 31
8225 1 0 2 6 1 1 1/ matb ign igg iwt lord ntemp nsigz iprint
'Pb204 from J4 Tape Pb204' /
293.6
1.E+10
56
  1.0000E-05 4.0000E-03 1.0000E-02 2.5300E-02 4.0000E-02
  5.0000E-02 6.0000E-02 8.0000E-02 1.0000E-01 1.5000E-01
  2.0000E-01 2.5000E-01 3.2500E-01 3.5000E-01 3.7500E-01
  4.5000E-01 6.2500E-01 1.0100E+00 1.0800E+00 1.1300E+00
  5.0000E+00 6.2500E+00 6.5000E+00 6.8750E+00 7.0000E+00
  2.0500E+01 2.1200E+01 2.1750E+01 3.6000E+01 3.7130E+01
  6.5000E+01 6.7500E+01 1.0120E+02 1.0500E+02 1.1600E+02
  1.1750E+02 1.8770E+02 1.9150E+02 2.2500E+03 3.7400E+03
  1.7000E+04 2.0000E+04 5.0000E+04 2.0000E+05 2.7000E+05
  3.3000E+05 4.7000E+05 6.0000E+05 7.5000E+05 8.6110E+05
  1.2000E+06 1.5000E+06 1.8500E+06 3.0000E+06 4.3040E+06
  6.4340E+06 2.0000E+07 /
3/
6/
0/
0/
errorr
21 0 31 71 /
8225 1 2 1 1 /
0 33 /
56
  1.0000E-05 4.0000E-03 1.0000E-02 2.5300E-02 4.0000E-02
  5.0000E-02 6.0000E-02 8.0000E-02 1.0000E-01 1.5000E-01
  2.0000E-01 2.5000E-01 3.2500E-01 3.5000E-01 3.7500E-01
  4.5000E-01 6.2500E-01 1.0100E+00 1.0800E+00 1.1300E+00
  5.0000E+00 6.2500E+00 6.5000E+00 6.8750E+00 7.0000E+00
  2.0500E+01 2.1200E+01 2.1750E+01 3.6000E+01 3.7130E+01
  6.5000E+01 6.7500E+01 1.0120E+02 1.0500E+02 1.1600E+02
  1.1750E+02 1.8770E+02 1.9150E+02 2.2500E+03 3.7400E+03
  1.7000E+04 2.0000E+04 5.0000E+04 2.0000E+05 2.7000E+05
  3.3000E+05 4.7000E+05 6.0000E+05 7.5000E+05 8.6110E+05
  1.2000E+06 1.5000E+06 1.8500E+06 3.0000E+06 4.3040E+06
  6.4340E+06 2.0000E+07 /
stop
